2015/11/12 23.23 24.96 23.20 24.39 165374088 3993103872.00
2015/11/13 23.96 26.83 23.52 25.89 239326677 6100945920.00
2015/11/16 25.20 26.16 25.07 25.82 127833168 3269311744.00
2015/11/17 26.20 26.45 24.72 24.78 124011229 3179117568.00
2015/11/18 24.70 25.00 23.30 23.50 111448365 2679235328.00
2015/11/19 23.75 23.86 23.30 23.67 19486700 460364640.00
。。。。。。。
2014/11/25 11.00 11.38 10.96 11.33 60905539 838623872.00
2014/11/26 11.42 11.53 11.13 11.26 47903478 661834176.00
2014/11/27 11.42 11.81 11.32 11.39 75928674 1076213632.00
2014/11/28 11.23 11.27 10.94 11.06 54866135 747219200.00
2014/12/01 11.08 11.13 10.83 11.02 30803402 413931520.00
2014/12/02 11.00 11.11 10.90 11.03 31314176 423780608.00
